19 5
Sydney2 -3.7175567 0.7437626 -2.9240294 4.5926447 -0.54332936
Adelaide2 3.265261 3.9747205 -2.4635537 -1.5583379 3.9398937
Adelaide1 4.031517 4.401122 0.6476556 -4.0807753 1.9093904
Brisbane1 -6.0161123 -5.0603228 0.3524639 0.89330095 -0.72047526
Sydney1 -5.4531837 -0.7999386 1.020276 1.3589591 -3.3461943
Melbourne2 1.2020019 3.6694248 -2.7752264 3.2851634 0.6689003
Melbourne1 3.6124992 5.089222 3.176819 -1.5336319 -3.2240937
Townsville -1.0819769 -12.182917 3.0822277 0.91537493 0.85783106
Rockhampton -3.3209188 -9.515236 1.9219013 0.74350315 0.3750052
Brisbane2 -5.4735994 -2.431534 -1.9605477 3.1142023 -0.19833134
Canberra2 -3.5975642 1.9074949 4.455667 -1.4013854 -6.2505493
Canberra1 0.0051452974 3.7243345 5.31533 -2.2589123 -6.1239038
Hobart 3.580085 5.1826506 0.35787326 2.650028 -2.3736434
Perth2 1.1265521 5.9037647 -2.6405942 -4.7971435 4.639347
Perth1 1.5647466 5.888102 -1.1778479 -5.8971424 3.6875117
Darwin 6.615592 1.495107 0.21808445 -3.371868 4.1001053
Alice Springs 6.1412416 1.4699805 -1.4528773 -1.9390949 5.062111
Cairns 0.81178385 -12.850179 3.6431 2.258728 0.41668737
Armidale -3.703202 1.1377193 -3.83206 5.842483 -0.29114774
