19 5
Melbourne2 0.45997885 1.292921 -0.29165298 4.0964136 3.3553715
Melbourne1 -2.6031175 -0.52076113 1.641189 3.5006707 4.7675533
Sydney2 4.502705 2.1133025 1.0103439 3.3399606 -2.4931104
Adelaide1 -5.4710574 2.287365 -2.6182706 0.19897337 3.5773294
Adelaide2 -3.6363454 3.6541004 -4.025825 0.7068404 2.7973702
Brisbane1 3.8847632 -0.8669832 2.329859 -2.6684737 -6.0618467
Sydney1 1.7625136 -0.437853 4.7950788 0.90808475 -4.536853
Hobart -0.18160357 -0.34008542 0.70928085 4.2956386 5.2231007
Townsville 6.1714525 -5.9514756 -0.41216734 -8.792834 -3.0471656
Rockhampton 5.0822678 -3.5948472 0.65416956 -6.573891 -4.9427557
Brisbane2 5.0508637 1.2505928 1.2087821 0.5271076 -4.9735475
Canberra2 -2.517215 -2.6573327 7.730395 1.3553244 -1.8851118
Canberra1 -3.975824 -2.9056602 6.153898 1.8187861 1.7293729
Alice Springs -7.224257 6.106068 -3.214327 1.2098707 0.78743994
Darwin -7.944282 5.2311587 -2.5161583 0.8347324 1.1863095
Perth1 -4.5280604 1.4197359 -5.2923174 -2.6900604 4.486454
Perth2 -3.3791978 2.1972835 -6.205291 -2.4291656 4.030921
Cairns 7.04336 -7.253885 -0.7348399 -8.959441 -1.3093709
Armidale 5.890997 3.2291408 0.19348638 4.504728 -2.5398195
